-0.0271946 	-0.111099 	0.486742 	-0.025993 	0.00362981 	-0.0360622 	-0.0399295 	2.29914e-05 	-0.132433 	-0.305086 	-0.12547 	0.163875 	-0.0587165 	-0.10631 	0.11964 	0.224585 	-0.135317 	-0.059669 	0.119477 	0.173367 	-0.094587 	0.160707 	-0.202617 	0.139445 	0.13677 	-0.0082433 	-0.193403 	-0.13731 	0.198111 	-0.178661 	0.18855 	-0.412887 	
-0.0847497 	-0.320651 	-0.0779239 	-0.0626979 	-0.0150532 	-0.212803 	-0.012273 	0.0735829 	0.0924359 	0.0907249 	0.0184958 	-0.261249 	0.124409 	0.228601 	0.0235179 	0.324938 	-0.241441 	0.0808531 	-0.134381 	0.187396 	0.0803713 	0.0695166 	0.0536854 	-0.13352 	-0.400514 	-0.179787 	-0.285467 	-0.094972 	0.191494 	-0.0845265 	0.203211 	0.22653 	
-0.115879 	-0.23331 	-0.0597274 	-0.0832395 	-0.117534 	-0.339734 	0.080012 	0.0365299 	0.279808 	-0.176305 	-0.240708 	-0.19 	-0.0970706 	0.258661 	0.203731 	0.18323 	0.146507 	-0.112545 	0.107103 	0.0218429 	0.028469 	-0.00672509 	-0.0584844 	0.176734 	0.250583 	-0.139719 	0.253335 	0.191962 	0.0478895 	0.214488 	-0.335832 	-0.0619317 	
-0.147008 	-0.145969 	-0.0415309 	-0.130677 	-0.23611 	-0.0491169 	-0.024717 	-0.0297215 	0.175586 	0.180507 	-0.375282 	0.0975009 	0.189631 	-0.322143 	0.0898778 	-0.115497 	-0.252536 	-0.150278 	0.0122787 	0.0616705 	0.041567 	-0.0975727 	-0.0313634 	-0.170475 	-0.263988 	0.237179 	-0.127281 	0.016379 	-0.329808 	0.0502167 	-0.208379 	-0.273829 	
-0.178136 	-0.0586276 	-0.0233344 	-0.199766 	0.246565 	-0.283184 	-0.170582 	0.0616253 	-0.19415 	0.171759 	-0.0927896 	-0.199296 	-0.14921 	-0.453862 	-0.162454 	-0.0941106 	0.247941 	-0.13361 	0.236859 	0.167862 	-0.298637 	-0.0839821 	0.127371 	0.0842598 	0.0370254 	-0.0734611 	-0.166518 	0.0504921 	0.122589 	0.0768694 	0.027318 	0.171972 	
-0.209265 	0.0287134 	-0.00513794 	-0.129114 	-0.169386 	-0.293631 	0.269731 	0.0327294 	0.138561 	0.173748 	0.065716 	0.323689 	-0.11655 	-0.149591 	0.013845 	0.0838141 	0.0304311 	0.0101291 	0.0190498 	-0.298587 	0.100704 	-0.0863731 	-0.108617 	-0.109184 	0.0823269 	-0.133165 	0.132501 	0.11759 	-0.0329604 	0.107021 	0.589805 	0.0109867 	
-0.240394 	0.116054 	0.0130585 	-0.15977 	0.0574547 	-0.117318 	0.178039 	0.0892754 	-0.00445337 	-0.0902088 	0.171263 	0.260618 	-0.204308 	-0.0925901 	0.115187 	-0.16582 	-0.414763 	0.0261163 	-0.0205433 	-0.0495281 	0.0186986 	0.0102559 	0.0856424 	-0.24282 	0.0772585 	-0.0191728 	0.00610274 	-0.0134208 	0.389778 	-0.164435 	-0.431608 	0.188898 	
-0.271523 	0.203395 	0.031255 	-0.212679 	0.124476 	-0.165985 	0.137078 	0.0720352 	-0.0284213 	0.291956 	0.371472 	0.0306145 	0.363823 	0.0610352 	-0.00952018 	0.16887 	0.0723971 	0.0773587 	-0.100117 	0.210416 	0.0190339 	0.133004 	0.0149232 	0.249969 	0.142308 	-0.0562294 	-0.00455375 	0.0226593 	-0.291631 	-0.242974 	-0.174748 	-0.192729 	
-0.0271946 	-0.111099 	0.486742 	-0.014536 	-0.0178969 	0.0143813 	-0.00994799 	0.0078369 	0.245858 	0.299802 	0.146829 	-0.26199 	0.100837 	0.172645 	-0.228626 	-0.135488 	0.121294 	-0.0238904 	0.129458 	-0.248638 	0.0493442 	-0.138778 	-0.0682673 	-0.14159 	0.0221951 	0.320406 	-0.0607288 	0.205802 	0.289004 	-0.111538 	-0.0506951 	-0.0999036 	
-0.0847497 	-0.320651 	-0.0779239 	-0.0788817 	-0.0669257 	0.137676 	-0.13626 	0.0498102 	-0.0485007 	0.013156 	0.0930383 	-0.323796 	-0.108189 	-0.209096 	0.0295988 	-0.148672 	-0.297716 	0.396841 	0.0680128 	0.199718 	0.178883 	0.0843887 	-0.0512735 	0.00586938 	0.308115 	0.144419 	0.342117 	0.088855 	-0.10462 	-0.133316 	0.191281 	0.0185019 	
-0.115879 	-0.23331 	-0.0597274 	-0.10811 	-0.108628 	0.186098 	-0.124507 	0.0268495 	0.0227001 	-0.177489 	0.525018 	0.146551 	-0.00715428 	-0.194381 	-0.100215 	0.164674 	0.0626534 	-0.162848 	-0.00575235 	0.025918 	0.0298232 	0.176035 	-0.0792036 	0.159861 	-0.303207 	0.184369 	0.102638 	0.121616 	0.130292 	0.421478 	-0.0838653 	-0.048311 	
-0.147008 	-0.145969 	-0.0415309 	-0.155026 	0.0305701 	-0.143104 	-0.122154 	0.0282188 	0.325781 	-0.309726 	0.177772 	-0.00240022 	-0.249705 	0.165882 	0.0856011 	-0.287274 	0.120021 	-0.00235874 	-0.0851194 	-0.195934 	-0.202943 	0.0794828 	0.169885 	0.12525 	-0.0315729 	0.237964 	-0.210325 	-0.26696 	-0.306085 	-0.21672 	0.1187 	0.0287494 	
-0.178136 	-0.0586276 	-0.0233344 	-0.257086 	0.0656403 	0.255472 	-0.441385 	-0.0456472 	-0.0581778 	-0.00240852 	-0.0153183 	0.0288618 	0.210158 	0.201147 	-0.0219685 	-0.147042 	-0.275006 	-0.243567 	0.115634 	-0.323226 	-0.0531053 	-0.0137584 	-0.0015606 	0.0563498 	0.0888577 	-0.467709 	-0.0120032 	0.161763 	-0.0462627 	-0.0102161 	0.0684641 	-0.0405796 	
-0.209265 	0.0287134 	-0.00513794 	-0.207047 	-0.57468 	0.260672 	-0.0542307 	-0.173106 	-0.130171 	-0.073501 	-0.109502 	0.00679984 	0.0941817 	-0.0947036 	0.152703 	0.150294 	0.393938 	0.188663 	-0.0676967 	-0.0642878 	-0.086595 	0.0122143 	0.0528242 	-0.0338909 	0.0254285 	-0.0097259 	-0.100276 	0.0840883 	0.133503 	-0.283642 	-0.0706837 	0.225882 	
-0.240394 	0.116054 	0.0130585 	-0.205364 	-0.0134151 	0.124518 	-0.0119647 	0.0323519 	0.0287699 	0.054659 	-0.0795112 	-0.0923272 	0.187551 	0.127801 	0.00771403 	-0.113377 	0.141786 	-0.202204 	0.0125306 	0.172343 	0.0896277 	0.101289 	-0.0884447 	-0.254368 	0.15931 	0.0848009 	0.215529 	-0.65074 	0.154776 	0.256104 	0.106995 	0.0359531 	
-0.271523 	0.203395 	0.031255 	-0.264179 	0.153637 	-0.0701199 	-0.0551153 	0.0419069 	-0.499224 	-0.101135 	-0.177611 	-0.0966462 	-0.222808 	0.309944 	0.00299522 	0.108011 	-0.0212437 	0.193871 	-0.0504953 	-0.139667 	0.15117 	-0.13526 	-0.0378288 	-0.012108 	-0.235178 	0.313221 	0.0283121 	0.127356 	-0.0933985 	0.161589 	0.0207301 	-0.120749 	
-0.0271946 	-0.111099 	0.486742 	-0.00161973 	0.0274153 	0.0332689 	0.0116451 	-0.016975 	-0.0273782 	-0.0353623 	-0.00920793 	0.121528 	-0.0314283 	0.0265002 	-0.0924018 	0.0635957 	-0.0417384 	0.0884903 	-0.0131763 	0.0637292 	0.0182341 	0.0829681 	-0.214521 	-0.128165 	0.148188 	-0.0706375 	-0.167717 	0.0203456 	-0.448698 	0.269474 	-0.143248 	0.532129 	
-0.0847497 	-0.320651 	-0.0779239 	0.00848435 	0.0649032 	0.0694108 	0.0580521 	0.00617476 	-0.0543386 	-0.0361416 	0.0583381 	0.0476194 	-0.196083 	-0.0867194 	-0.3486 	0.00978618 	0.240931 	0.207549 	-0.0477565 	-0.116506 	0.270386 	-0.279541 	-0.175977 	-0.113356 	-0.0426344 	-0.36908 	-0.0765415 	-0.295467 	-0.0632568 	-0.1059 	-0.244549 	-0.27502 	
-0.115879 	-0.23331 	-0.0597274 	0.0694143 	0.115191 	0.0234157 	-0.0140661 	-0.232972 	-0.0716213 	0.0624591 	-0.16526 	0.244843 	-0.146405 	0.148538 	-0.400532 	0.223654 	0.0419938 	-0.30498 	-0.0608632 	0.0986941 	-0.0476024 	0.272524 	0.2332 	-0.22155 	0.0565735 	0.156094 	0.281607 	0.114379 	-0.0785914 	-0.299262 	0.0133782 	0.0337581 	
-0.147008 	-0.145969 	-0.0415309 	0.0161797 	0.208635 	-0.016338 	-0.0165254 	-0.219224 	0.123072 	-0.172361 	-0.165635 	0.329186 	0.372069 	0.0343192 	-0.151257 	-0.0641814 	-0.0416271 	0.190878 	-0.0655517 	0.124639 	0.0952543 	-0.425111 	0.0618999 	0.361114 	0.0841452 	0.19951 	0.00188898 	-0.0117391 	0.197628 	0.0421005 	0.0829501 	0.197331 	
-0.178136 	-0.0586276 	-0.0233344 	0.0656743 	-0.0344803 	0.23005 	0.172657 	-0.124563 	0.0691914 	0.261021 	-0.115908 	-0.0470096 	-0.171588 	0.0468557 	-0.113662 	0.0306464 	-0.149244 	0.235119 	-0.316049 	-0.0835074 	-0.28304 	0.178435 	0.268266 	0.127124 	0.24457 	-0.0323796 	-0.262682 	-0.0281464 	0.109347 	0.390268 	-0.0102451 	-0.216688 	
-0.209265 	0.0287134 	-0.00513794 	-0.0357259 	0.288011 	0.344173 	0.218396 	0.214183 	0.199082 	-0.177474 	-0.0744988 	-0.101268 	-0.0368683 	-0.0331154 	0.096897 	-0.108342 	0.144792 	-0.133512 	-0.369998 	0.257685 	-0.183826 	-0.138864 	-0.266522 	-0.176885 	-0.0763956 	-0.0881023 	0.0233164 	0.334422 	-0.00185803 	-0.0886456 	0.12749 	-0.0316543 	
-0.240394 	0.116054 	0.0130585 	0.163904 	0.279208 	0.125133 	-0.0543243 	-0.491804 	0.233951 	0.17704 	0.0146716 	-0.0668304 	-0.156186 	-0.073883 	0.255821 	0.205 	-0.0358468 	0.164831 	0.259848 	-0.105153 	-0.179375 	0.0194503 	-0.24982 	0.050774 	-0.252556 	-0.0315347 	0.186792 	-0.13928 	-0.0213076 	-0.0698207 	-0.0584519 	0.0529232 	
-0.271523 	0.203395 	0.031255 	0.127027 	-0.109537 	0.107544 	0.304711 	-0.241183 	0.0646589 	-0.20665 	0.00766801 	-0.1865 	-0.08369 	0.0212289 	-0.159024 	-0.227951 	-0.0228263 	-0.143713 	0.337224 	0.204353 	0.414368 	0.131309 	0.201276 	0.121669 	-0.0936562 	-0.136645 	-0.221951 	0.130044 	-0.0546789 	0.0203254 	0.0939019 	-0.00545348 	
-0.0271946 	-0.111099 	0.486742 	0.0421487 	-0.0131482 	-0.011588 	0.0382324 	0.00911508 	-0.0860468 	0.0406466 	-0.0121511 	-0.0234132 	-0.0106924 	-0.0928354 	0.201388 	-0.152693 	0.055761 	-0.00493091 	-0.235758 	0.0115416 	0.0270087 	-0.104897 	0.485406 	0.13031 	-0.307153 	-0.241526 	0.421848 	-0.0888378 	-0.0384174 	0.020724 	0.00539232 	-0.0193387 	
-0.0847497 	-0.320651 	-0.0779239 	0.183458 	-0.0245635 	0.0641718 	0.190911 	-0.0507885 	-0.28335 	0.0395015 	0.258229 	0.123792 	0.093262 	0.253789 	0.317064 	-0.072085 	0.0580574 	-0.0099628 	0.354346 	0.160738 	-0.266807 	-0.288235 	0.155451 	-0.283313 	0.0859999 	0.0323616 	-0.0899147 	0.0389394 	-0.0980052 	0.0926137 	0.0433862 	-0.110294 	
-0.115879 	-0.23331 	-0.0597274 	0.235364 	0.0327705 	-0.048456 	0.107639 	-0.16707 	-0.321526 	0.170565 	0.0467522 	-0.14386 	-0.0334516 	-0.0831712 	0.271733 	-0.102747 	-0.0109493 	-0.417873 	-0.327795 	-0.213356 	0.235983 	0.0051544 	-0.234958 	0.241631 	0.14071 	0.122622 	-0.13058 	-0.0660635 	0.0343685 	-0.0952492 	-0.0144246 	0.136907 	
-0.147008 	-0.145969 	-0.0415309 	0.217635 	0.128806 	-0.205078 	0.119158 	0.0477615 	-0.151843 	-0.175057 	-0.138576 	0.0168762 	0.394994 	-0.0475014 	-0.0425569 	-0.311655 	0.146324 	0.277378 	0.0357755 	-0.244022 	-0.11338 	0.505166 	-0.132215 	-0.112363 	-0.149058 	-0.0510323 	0.0674567 	0.0807771 	0.0724611 	0.0408187 	-0.0287391 	-0.0385635 	
-0.178136 	-0.0586276 	-0.0233344 	0.203292 	-0.158786 	0.189538 	0.000402184 	0.527559 	-0.00668142 	0.311857 	-0.174852 	0.243801 	-0.189577 	0.206356 	-0.0460112 	-0.117235 	0.0043244 	0.014782 	0.233676 	0.0898815 	-0.049144 	0.0697329 	-0.147377 	0.373424 	-0.171895 	0.014851 	0.0511599 	-0.0761633 	0.0420306 	-0.113809 	-0.0190869 	0.131048 	
-0.209265 	0.0287134 	-0.00513794 	0.232716 	0.134401 	0.18578 	0.112376 	0.385126 	0.0443527 	-0.209549 	-0.0473585 	-0.193357 	0.186837 	-0.239633 	-0.015172 	0.435751 	-0.0806626 	-0.0772414 	0.152011 	-0.366974 	0.0230037 	-0.104526 	0.274933 	-0.0339207 	0.122371 	0.115407 	7.00862e-05 	-0.114734 	-0.108486 	-0.0440997 	-0.0168744 	0.0763189 	
-0.240394 	0.116054 	0.0130585 	0.381465 	0.0764675 	-0.104747 	-0.558583 	0.0978844 	0.132865 	0.0723308 	0.0307312 	0.177218 	-0.0695491 	-0.0186411 	0.227289 	0.0209608 	0.199029 	0.0940751 	-0.123246 	0.134661 	0.323904 	0.0532457 	0.140371 	-0.220863 	0.125647 	-0.0056144 	-0.152638 	0.129439 	0.0530038 	0.08138 	0.00985899 	-0.0932748 	
-0.271523 	0.203395 	0.031255 	0.38475 	-0.377639 	-0.254036 	-0.152474 	-0.0475257 	-0.0783577 	-0.163278 	0.133645 	-0.173431 	0.0214763 	0.0348735 	-0.322602 	-0.0336395 	-0.207268 	-0.0637512 	-0.168982 	0.0829318 	-0.33679 	-0.241254 	-0.176084 	-0.0154118 	-0.0105743 	-0.0494398 	0.147905 	-0.053076 	-0.0482095 	-0.00265768 	1.74484e-05 	-0.0266841 	
