-0.294486 	0.208228 	-0.260452 	-0.164169 	0.300543 	0.154187 	-0.138099 	0.046602 	-0.193235 	-0.0128837 	-0.438081 	0.0925171 	0.0197262 	-0.21161 	0.278989 	-0.113629 	-0.305281 	0.103922 	0.0963094 	0.0786253 	0.0479463 	0.0700453 	-0.0155167 	0.015084 	0.119666 	0.0310602 	0.115306 	0.278367 	-0.132353 	0.0976253 	-0.0751255 	0.00286411 	
-0.300754 	0.193785 	-0.184924 	-0.0238232 	0.0152265 	0.291269 	-0.0300967 	-0.0102945 	0.293276 	0.0100702 	0.461543 	-0.148977 	0.292124 	0.0414122 	-0.0196188 	0.0847188 	0.167978 	-0.239903 	0.162195 	-0.000580989 	-0.151622 	0.0261151 	0.187136 	0.0259781 	0.0210558 	0.0404838 	0.00151813 	0.291923 	-0.142939 	0.102904 	-0.142111 	0.158881 	
-0.307021 	0.179341 	-0.109396 	0.13673 	-0.121977 	-0.200077 	0.283369 	0.0844732 	-0.0221995 	-0.438353 	-0.08901 	0.349648 	-0.0568226 	-0.240675 	-0.0511942 	0.233358 	0.166385 	-0.289118 	-0.0536545 	0.25067 	-0.115387 	0.117441 	-0.0158114 	0.0564394 	-0.0752811 	-0.0691436 	-0.0188092 	-0.136984 	0.0761541 	0.0359461 	0.00664042 	-0.123634 	
-0.313289 	0.164898 	-0.0338683 	0.407525 	0.419202 	0.109589 	0.175274 	0.143299 	-0.303625 	0.2327 	0.0726428 	-0.240601 	-0.022886 	0.195518 	-0.12295 	0.138133 	-0.0483105 	0.0342548 	-0.211892 	0.0306246 	0.0378684 	-0.12409 	-0.0720158 	-0.140649 	-0.213104 	-0.0540713 	-0.109923 	-0.107011 	0.0863029 	-0.0920046 	0.0790371 	-0.0285157 	
-0.319556 	0.150454 	0.0416598 	0.174981 	-0.324804 	0.257522 	0.0338435 	-0.10359 	0.408324 	-0.225541 	-0.200424 	-0.0882663 	-0.301015 	0.289638 	0.110573 	-0.319803 	-0.10463 	0.173969 	-0.142063 	-0.0528862 	0.0486135 	-0.0518269 	0.0249419 	-0.05457 	-0.0694769 	0.0406069 	-0.0470873 	-0.126497 	0.0163762 	-0.02202 	-0.000924264 	0.0797119 	
-0.325823 	0.136011 	0.117188 	-0.15462 	0.252399 	-0.64452 	-0.0312317 	0.0950633 	0.38881 	0.220847 	0.131301 	0.00240601 	-0.144224 	-0.033669 	-0.118586 	-0.193076 	-0.108911 	-0.00943497 	0.102362 	-0.100681 	0.0658419 	-0.00768495 	-0.0416181 	0.0267166 	0.0911083 	-0.02513 	0.0396622 	-0.0199396 	0.0180699 	-0.0608285 	0.00978643 	-0.0606477 	
-0.332091 	0.121568 	0.192716 	-0.126749 	-0.28379 	0.192693 	-0.197544 	-0.16475 	-0.0391213 	0.455155 	-0.0406234 	0.194686 	0.261696 	-0.298609 	-0.066491 	-0.00998774 	0.275141 	0.159874 	-0.124455 	0.068279 	0.10287 	0.0180574 	-0.156697 	0.00140003 	-0.00539541 	-0.0320892 	0.0107577 	-0.198578 	0.0742521 	-0.049266 	0.137948 	-0.0549578 	
-0.338358 	0.107124 	0.268244 	-0.249875 	-0.256799 	-0.160663 	-0.0955146 	-0.0908018 	-0.532229 	-0.241994 	0.102651 	-0.161413 	-0.048599 	0.257993 	-0.0107219 	0.180285 	-0.0423715 	0.0664358 	0.171198 	-0.274051 	-0.0361311 	-0.0480566 	0.0895817 	0.0696007 	0.131428 	0.0682831 	0.008575 	0.0187194 	0.00413695 	-0.0123566 	-0.0152514 	0.0262975 	
-0.0676038 	-0.128107 	-0.305944 	0.00687745 	0.198202 	-0.0886747 	-0.0319973 	-0.037513 	0.0634309 	-0.143873 	-0.190433 	0.104599 	0.252961 	0.186109 	-0.110252 	-0.0315686 	0.381072 	0.221374 	-0.199895 	-0.455286 	-0.036317 	-0.0975379 	-0.0350142 	0.145417 	0.138027 	-0.0516485 	-0.0923936 	-0.0505315 	0.10566 	0.349179 	-0.0361718 	-0.101033 	
-0.0738712 	-0.142551 	-0.230416 	0.108856 	0.0644794 	-0.055198 	-0.0437764 	-0.0932108 	0.0189503 	-0.161078 	0.18039 	-0.112242 	-0.106178 	-0.132143 	0.137384 	0.0811932 	0.287589 	0.328827 	0.133079 	0.0255443 	0.163224 	0.0284325 	-0.00303734 	-0.197538 	-0.0724901 	0.418944 	0.445447 	0.00177476 	0.0630709 	-0.249712 	0.0227808 	-0.209999 	
-0.0801386 	-0.156994 	-0.154888 	-0.0100124 	-0.0113838 	-0.167603 	-0.0267269 	-0.0942945 	-0.0687051 	-0.307867 	0.0956191 	-0.0468135 	0.459928 	-0.0450364 	-0.0910689 	-0.289724 	-0.131903 	0.256731 	0.112934 	0.26705 	0.046217 	-0.207148 	0.0871548 	-0.147458 	-0.0760538 	-0.302528 	-0.176978 	-0.102302 	-0.130193 	-0.244551 	0.124692 	0.131214 	
-0.086406 	-0.171438 	-0.0793596 	0.094093 	-0.0299592 	-0.104904 	-0.0685567 	-0.134227 	-0.000489389 	0.124972 	0.0656736 	0.132463 	-0.368799 	-0.202232 	0.172181 	0.220718 	0.106699 	0.271508 	-0.175193 	-0.102513 	-0.336325 	-0.123408 	0.166521 	0.0626207 	-0.076019 	-0.329843 	-0.0739891 	0.294142 	-0.035729 	-0.183212 	-0.00704836 	0.304732 	
-0.0926734 	-0.185881 	-0.00383154 	0.167883 	0.0044622 	-0.089025 	-0.0886844 	-0.1435 	-0.0615932 	0.124062 	0.0468648 	-0.000270753 	-0.0789425 	-0.0869604 	0.0540777 	0.00948392 	-0.0607836 	0.0944724 	0.0974785 	0.0245858 	-0.100577 	0.154623 	0.139442 	0.073803 	-0.188969 	0.19174 	-0.256801 	-0.347818 	-0.570609 	0.253567 	-0.304316 	-0.174729 	
-0.0989408 	-0.200324 	0.0716965 	0.269411 	-0.0273496 	-0.130601 	-0.0803696 	-0.159759 	0.0289575 	0.0757672 	-0.151226 	-0.33059 	-0.0126886 	-0.0088737 	0.119017 	0.101658 	0.0899325 	-0.0176933 	0.304341 	0.343655 	0.0180793 	-0.034902 	-0.0962354 	0.0187491 	0.212208 	-0.168643 	0.130338 	-0.0845329 	0.300964 	0.417266 	-0.0976171 	0.23872 	
-0.105208 	-0.214768 	0.147225 	0.484903 	-0.139996 	-0.127291 	-0.0062506 	-0.182229 	-0.0952627 	0.0475585 	-0.097112 	0.179604 	0.13689 	0.0940042 	-0.264979 	-0.159945 	-0.0545785 	-0.156805 	-0.097036 	-0.0445647 	0.213273 	0.124236 	-0.00519456 	0.0969237 	0.0727032 	0.0628592 	0.181812 	0.496956 	-0.192872 	-0.0590786 	0.0078575 	-0.0351356 	
-0.111476 	-0.229211 	0.222753 	0.0177917 	0.312337 	0.132495 	-0.434714 	-0.208947 	0.151748 	-0.256888 	0.0279924 	-0.00218956 	0.00182598 	0.0555963 	0.272565 	0.157455 	0.0172593 	-0.30431 	-0.0265824 	-0.0520551 	0.0343895 	0.0255914 	-0.297086 	0.0577791 	-0.000265785 	-0.128772 	-0.172749 	-0.0338844 	-0.0247776 	-0.224725 	0.125864 	-0.202699 	
-0.0676038 	-0.128107 	-0.305944 	-0.0472566 	-0.0116022 	-0.104001 	-0.0744396 	-0.102993 	0.0241892 	0.162965 	-0.165214 	0.18727 	0.11261 	0.279314 	0.00708487 	0.164262 	-0.137795 	-0.244739 	0.017408 	-0.0296569 	-0.120123 	-0.0242741 	-0.043436 	0.107103 	-0.0766946 	0.301358 	0.193873 	-0.306112 	-0.0558496 	-0.194226 	0.185654 	0.48693 	
-0.0738712 	-0.142551 	-0.230416 	-0.126206 	-0.0574547 	0.050934 	0.176705 	-0.00208333 	-0.147665 	0.0181708 	0.229394 	-0.069044 	-0.103923 	-0.0102636 	0.0380748 	-0.216138 	0.00721202 	-0.00058224 	-0.0770739 	0.0647232 	0.207806 	0.106586 	-0.406853 	0.504439 	-0.0324617 	-0.0396733 	-0.0831592 	-0.00959873 	0.135331 	-0.188741 	-0.413423 	0.101381 	
-0.0801386 	-0.156994 	-0.154888 	0.0290414 	-0.142198 	-0.0204143 	0.243817 	-0.00997224 	-0.0770281 	0.103018 	0.119148 	-0.154896 	0.0835515 	-0.0174083 	0.248369 	-0.175649 	-0.118845 	-0.0857457 	-0.0435247 	-0.25935 	-0.28775 	0.508227 	-0.162921 	-0.253549 	0.144977 	-0.257904 	0.152387 	-0.0965549 	-0.0314575 	0.0176387 	0.225489 	-0.120714 	
-0.086406 	-0.171438 	-0.0793596 	-0.0510317 	0.0818428 	0.0990767 	-0.00692018 	-0.0714015 	-0.139718 	-0.0340301 	0.143978 	0.223264 	-0.261401 	-0.143387 	-0.142186 	-0.159817 	0.0728757 	-0.200478 	-0.0162666 	-0.0883451 	0.206169 	-0.0523084 	-0.0338947 	-0.549004 	0.336415 	0.139944 	-0.268842 	-0.0570233 	0.0474852 	0.066967 	-0.124719 	0.273362 	
-0.0926734 	-0.185881 	-0.00383154 	0.0682998 	0.129072 	0.145077 	0.00225815 	-0.0627565 	-0.0949088 	0.0660666 	0.00846937 	0.0291318 	-0.0726406 	-0.0943814 	-0.0548845 	-0.311129 	-0.0213699 	-0.0804722 	0.164387 	0.0423618 	-0.226618 	0.0803385 	0.483186 	0.317903 	0.112655 	0.208003 	-0.195669 	-0.0565555 	0.401659 	-0.118395 	0.228413 	-0.170842 	
-0.0989408 	-0.200324 	0.0716965 	-0.271976 	-0.055425 	-0.142026 	0.149831 	-0.00155791 	-0.0405562 	0.0561249 	-0.266721 	-0.262622 	0.0253059 	0.0178104 	0.0488122 	-0.19908 	0.277742 	-0.179297 	-0.0820661 	0.150166 	-0.295382 	-0.148893 	-0.19275 	-0.178016 	-0.327766 	0.283499 	-0.188535 	0.30639 	-0.0267479 	0.0270737 	0.0283227 	-0.032991 	
-0.105208 	-0.214768 	0.147225 	0.0362398 	-0.0266468 	0.0998389 	0.346059 	0.016895 	0.0216479 	0.0494392 	0.0655622 	0.085469 	0.114716 	-0.204522 	0.278287 	-0.0405703 	-0.175303 	-0.182744 	0.0118248 	-0.230563 	0.0131561 	-0.63613 	0.0385735 	0.0583779 	0.0431995 	-0.0139171 	0.259638 	-0.11512 	-0.0522917 	0.0586895 	-0.0890602 	-0.128496 	
-0.111476 	-0.229211 	0.222753 	-0.256931 	0.160689 	-0.0431478 	0.103992 	0.0110861 	0.00271646 	-0.0575209 	0.137267 	0.0827879 	0.0900283 	0.119107 	0.258951 	0.0208485 	-0.0126584 	0.0308637 	-0.4205 	0.167707 	0.32318 	0.25388 	0.363861 	-0.00915874 	-0.207779 	-0.00484232 	0.125323 	0.00563556 	0.086204 	0.242271 	0.0297424 	0.169138 	
-0.0676038 	-0.128107 	-0.305944 	-0.200838 	-0.144098 	0.010247 	0.102638 	-0.292555 	0.0868434 	0.215424 	-0.160287 	0.027711 	-0.0511332 	0.197994 	-0.0961278 	0.265838 	-0.132718 	-0.120976 	0.199369 	-0.0286761 	0.260478 	-0.00613475 	0.197874 	-0.183684 	-0.203247 	-0.251102 	-0.101936 	0.0875151 	0.183161 	-0.0841611 	-0.162657 	-0.350504 	
-0.0738712 	-0.142551 	-0.230416 	-0.151145 	-0.087664 	0.0781287 	0.044166 	-0.0418383 	0.0337903 	-0.0312855 	0.176012 	-0.140732 	-0.254395 	-0.0908341 	-0.217852 	0.138893 	-0.162027 	0.0475056 	-0.0881903 	0.135005 	0.162002 	-0.144179 	-0.152358 	0.198299 	0.0847985 	0.0426936 	-0.0563043 	0.0908153 	-0.210258 	0.318361 	0.590703 	-0.0957464 	
-0.0801386 	-0.156994 	-0.154888 	0.0838771 	-0.284715 	-0.12777 	-0.214137 	0.468817 	0.0408269 	0.124169 	0.051278 	0.0206654 	0.118098 	0.183539 	0.236146 	0.162068 	-0.108712 	0.041746 	-0.256564 	0.230372 	-0.0354548 	-0.100092 	0.0493538 	-0.0606047 	0.371873 	0.147356 	-0.196907 	0.0644974 	0.055689 	-0.0948656 	-0.104557 	-0.22194 	
-0.086406 	-0.171438 	-0.0793596 	0.0239095 	-0.0990932 	0.0819573 	-0.358592 	0.494622 	-0.137154 	0.0184848 	0.0865302 	0.210593 	-0.17557 	0.118464 	-0.0419702 	-0.242382 	0.12603 	-0.112203 	0.261286 	-0.0549399 	0.0287337 	-0.055159 	-0.0144426 	-0.0313352 	-0.391083 	-0.237285 	0.204578 	-0.0149346 	0.0170205 	0.171463 	0.0629768 	-0.0184056 	
-0.0926734 	-0.185881 	-0.00383154 	-0.093642 	-0.0205366 	0.079831 	-0.268413 	0.0344549 	0.0660569 	-0.14973 	-0.050517 	-0.25097 	0.0292249 	-0.27934 	-0.471987 	0.0746628 	-0.322597 	-0.0465873 	-0.333194 	-0.061035 	-0.238644 	0.0317604 	0.0280696 	-0.0704298 	-0.080371 	0.0118871 	0.259871 	-0.0880418 	0.162673 	0.0150441 	-0.273152 	-0.0249149 	
-0.0989408 	-0.200324 	0.0716965 	-0.118231 	0.0569883 	0.136044 	0.152659 	0.301464 	0.062707 	0.0103393 	-0.326438 	-0.284269 	-0.0873978 	-0.0448803 	-0.155668 	0.0813413 	0.331301 	-0.0859714 	0.0546245 	-0.013843 	0.18088 	0.0880208 	0.220238 	0.0976285 	0.256058 	-0.192769 	0.0793669 	-0.129796 	-0.348257 	-0.301979 	0.00380084 	0.0769455 	
-0.105208 	-0.214768 	0.147225 	0.0993185 	-0.0628132 	0.0600879 	0.153812 	0.301335 	0.180025 	-0.0629099 	-0.0812404 	0.0169128 	0.180754 	-0.225749 	-0.00465295 	0.265974 	-0.202507 	0.217776 	0.291218 	-0.297043 	0.147284 	0.187377 	-0.133097 	-0.00215135 	-0.197326 	0.186271 	-0.309525 	0.111106 	0.165714 	0.00251504 	0.0727058 	0.202634 	
-0.111476 	-0.229211 	0.222753 	-0.163233 	0.192862 	0.22694 	0.22764 	0.0101653 	0.0811902 	0.00862166 	0.05501 	0.354169 	-0.0328258 	0.334073 	-0.219322 	0.0816074 	-0.0559147 	0.307801 	0.168135 	0.266699 	-0.32768 	0.0410937 	-0.197954 	-0.0561134 	0.157611 	-0.0156291 	0.141155 	0.0339733 	-0.0455891 	0.00361033 	-0.0962791 	-0.096906 	
